5.000000e+00 3.685384e-08
6.000000e+00 3.072769e-08
7.000000e+00 2.635440e-08
8.000000e+00 2.307666e-08
9.000000e+00 2.052928e-08
1.000000e+01 1.849317e-08
1.100000e+01 1.682890e-08
1.200000e+01 1.544351e-08
1.300000e+01 1.427265e-08
1.400000e+01 1.327035e-08
1.500000e+01 1.240292e-08
1.600000e+01 1.164508e-08
1.700000e+01 1.097748e-08
1.800000e+01 1.038510e-08
1.900000e+01 9.856068e-09
2.000000e+01 9.380889e-09
2.100000e+01 8.951876e-09
2.200000e+01 8.562742e-09
2.300000e+01 8.208293e-09
2.400000e+01 7.884201e-09
2.500000e+01 7.586831e-09
2.600000e+01 7.313108e-09
2.700000e+01 7.060411e-09
2.800000e+01 6.826496e-09
2.900000e+01 6.609428e-09
3.000000e+01 6.407531e-09
3.100000e+01 6.219345e-09
3.200000e+01 6.043592e-09
3.300000e+01 5.879151e-09
3.400000e+01 5.725032e-09
3.500000e+01 5.580359e-09
3.600000e+01 5.444353e-09
3.700000e+01 5.316322e-09
3.800000e+01 5.195643e-09
3.900000e+01 5.081760e-09
4.000000e+01 4.974174e-09
4.100000e+01 4.872432e-09
4.200000e+01 4.776127e-09
4.300000e+01 4.684889e-09
4.400000e+01 4.598381e-09
4.500000e+01 4.516299e-09
4.600000e+01 4.438364e-09
4.700000e+01 4.364321e-09
4.800000e+01 4.293938e-09
4.900000e+01 4.227000e-09
5.000000e+01 4.163312e-09
5.100000e+01 4.102693e-09
5.200000e+01 4.044978e-09
5.300000e+01 3.990012e-09
5.400000e+01 3.937655e-09
5.500000e+01 3.887776e-09
5.600000e+01 3.840254e-09
5.700000e+01 3.794977e-09
5.800000e+01 3.751841e-09
5.900000e+01 3.710750e-09
6.000000e+01 3.671613e-09
6.100000e+01 3.634349e-09
6.200000e+01 3.598879e-09
6.300000e+01 3.565132e-09
6.400000e+01 3.533040e-09
6.500000e+01 3.502542e-09
6.600000e+01 3.473578e-09
6.700000e+01 3.446096e-09
6.800000e+01 3.420045e-09
6.900000e+01 3.395378e-09
7.000000e+01 3.372051e-09
7.100000e+01 3.350024e-09
7.200000e+01 3.329259e-09
7.300000e+01 3.309721e-09
7.400000e+01 3.291378e-09
7.500000e+01 3.274199e-09
7.600000e+01 3.258157e-09
7.700000e+01 3.243226e-09
7.800000e+01 3.229382e-09
7.900000e+01 3.216604e-09
8.000000e+01 3.204872e-09
8.100000e+01 3.194168e-09
8.200000e+01 3.184475e-09
8.300000e+01 3.175779e-09
8.400000e+01 3.168067e-09
8.500000e+01 3.161326e-09
8.600000e+01 3.155548e-09
8.700000e+01 3.150723e-09
8.800000e+01 3.146845e-09
8.900000e+01 3.143907e-09
9.000000e+01 3.141904e-09
9.100000e+01 3.140834e-09
9.200000e+01 3.140696e-09
9.300000e+01 3.141487e-09
9.400000e+01 3.143210e-09
9.500000e+01 3.145867e-09
9.600000e+01 3.149460e-09
9.700000e+01 3.153995e-09
9.800000e+01 3.159478e-09
9.900000e+01 3.165916e-09
1.000000e+02 3.173318e-09
1.010000e+02 3.181695e-09
1.020000e+02 3.191058e-09
1.030000e+02 3.201419e-09
1.040000e+02 3.212794e-09
1.050000e+02 3.225200e-09
1.060000e+02 3.238652e-09
1.070000e+02 3.253172e-09
1.080000e+02 3.268780e-09
1.090000e+02 3.285499e-09
1.100000e+02 3.303353e-09
1.110000e+02 3.322370e-09
1.120000e+02 3.342578e-09
1.130000e+02 3.364008e-09
1.140000e+02 3.386692e-09
1.150000e+02 3.410667e-09
1.160000e+02 3.435970e-09
1.170000e+02 3.462641e-09
1.180000e+02 3.490723e-09
1.190000e+02 3.520264e-09
1.200000e+02 3.551311e-09
1.210000e+02 3.583918e-09
1.220000e+02 3.618141e-09
1.230000e+02 3.654038e-09
1.240000e+02 3.691674e-09
1.250000e+02 3.731117e-09
1.260000e+02 3.772439e-09
1.270000e+02 3.815717e-09
1.280000e+02 3.861034e-09
1.290000e+02 3.908477e-09
1.300000e+02 3.958141e-09
1.310000e+02 4.010127e-09
1.320000e+02 4.064541e-09
1.330000e+02 4.121498e-09
1.340000e+02 4.181121e-09
1.350000e+02 4.243542e-09
1.360000e+02 4.308902e-09
1.370000e+02 4.377352e-09
1.380000e+02 4.449054e-09
1.390000e+02 4.524182e-09
1.400000e+02 4.602925e-09
1.410000e+02 4.685483e-09
1.420000e+02 4.772075e-09
1.430000e+02 4.862934e-09
1.440000e+02 4.958313e-09
1.450000e+02 5.058486e-09
1.460000e+02 5.163748e-09
1.470000e+02 5.274419e-09
1.480000e+02 5.390848e-09
1.490000e+02 5.513410e-09
1.500000e+02 5.642516e-09
1.510000e+02 5.778613e-09
1.520000e+02 5.922187e-09
1.530000e+02 6.073771e-09
1.540000e+02 6.233946e-09
1.550000e+02 6.403349e-09
1.560000e+02 6.582681e-09
1.570000e+02 6.772711e-09
1.580000e+02 6.974286e-09
1.590000e+02 7.188342e-09
1.600000e+02 7.415914e-09
1.610000e+02 7.658149e-09
1.620000e+02 7.916320e-09
1.630000e+02 8.191847e-09
1.640000e+02 8.486312e-09
1.650000e+02 8.801488e-09
1.660000e+02 9.139361e-09
1.670000e+02 9.502168e-09
1.680000e+02 9.892432e-09
1.690000e+02 1.031301e-08
1.700000e+02 1.076714e-08
1.710000e+02 1.125852e-08
1.720000e+02 1.179137e-08
1.730000e+02 1.237055e-08
1.740000e+02 1.300163e-08
1.750000e+02 1.369110e-08
1.760000e+02 1.444646e-08
1.770000e+02 1.527649e-08
1.780000e+02 1.619152e-08
1.790000e+02 1.720371e-08
1.800000e+02 1.832753e-08
1.810000e+02 1.958025e-08
1.820000e+02 2.098266e-08
1.830000e+02 2.255995e-08
1.840000e+02 2.434290e-08
1.850000e+02 2.636941e-08
1.860000e+02 2.868661e-08
1.870000e+02 3.135372e-08
1.880000e+02 3.444592e-08
1.890000e+02 3.805991e-08
1.900000e+02 4.232173e-08
1.910000e+02 4.739815e-08
1.920000e+02 5.351366e-08
1.930000e+02 6.097622e-08
1.940000e+02 7.021772e-08
1.950000e+02 7.774394e-08
1.960000e+02 8.412957e-08
1.970000e+02 9.854409e-08
1.980000e+02 1.168770e-07
1.990000e+02 1.405299e-07
2.000000e+02 1.714606e-07
2.010000e+02 2.123258e-07
2.020000e+02 2.664361e-07
2.030000e+02 3.369716e-07
2.040000e+02 4.241366e-07
2.050000e+02 5.185257e-07
2.060000e+02 5.934650e-07
2.070000e+02 6.126851e-07
2.080000e+02 5.633780e-07
2.090000e+02 4.720017e-07
2.100000e+02 3.747906e-07
2.110000e+02 2.916549e-07
2.120000e+02 2.269904e-07
2.130000e+02 1.784551e-07
2.140000e+02 1.422782e-07
2.150000e+02 1.151378e-07
2.160000e+02 9.452480e-08
2.170000e+02 7.864245e-08
2.180000e+02 7.115734e-08
2.190000e+02 6.235072e-08
2.200000e+02 5.282857e-08
2.210000e+02 4.528123e-08
2.220000e+02 3.920195e-08
2.230000e+02 3.423621e-08
2.240000e+02 3.013007e-08
2.250000e+02 2.669781e-08
2.260000e+02 2.380109e-08
2.270000e+02 2.133520e-08
2.280000e+02 1.921971e-08
2.290000e+02 1.739204e-08
2.300000e+02 1.580291e-08
2.310000e+02 1.441309e-08
2.320000e+02 1.319107e-08
2.330000e+02 1.211127e-08
2.340000e+02 1.115279e-08
2.350000e+02 1.029841e-08
2.360000e+02 9.533825e-09
2.370000e+02 8.847105e-09
2.380000e+02 8.228213e-09
2.390000e+02 7.668669e-09
2.400000e+02 7.161268e-09
2.410000e+02 6.699854e-09
2.420000e+02 6.279150e-09
2.430000e+02 5.894605e-09
2.440000e+02 5.542281e-09
2.450000e+02 5.218758e-09
2.460000e+02 4.921053e-09
2.470000e+02 4.646554e-09
2.480000e+02 4.392971e-09
2.490000e+02 4.158283e-09
2.500000e+02 3.940707e-09
2.510000e+02 3.738663e-09
2.520000e+02 3.550746e-09
2.530000e+02 3.375704e-09
2.540000e+02 3.212421e-09
2.550000e+02 3.059896e-09
2.560000e+02 2.917232e-09
2.570000e+02 2.783623e-09
2.580000e+02 2.658339e-09
2.590000e+02 2.540726e-09
2.600000e+02 2.430189e-09
2.610000e+02 2.326189e-09
2.620000e+02 2.228238e-09
2.630000e+02 2.135890e-09
2.640000e+02 2.048741e-09
2.650000e+02 1.966420e-09
2.660000e+02 1.888589e-09
2.670000e+02 1.814940e-09
2.680000e+02 1.745187e-09
2.690000e+02 1.679072e-09
2.700000e+02 1.616354e-09
2.710000e+02 1.556813e-09
2.720000e+02 1.500246e-09
2.730000e+02 1.446465e-09
2.740000e+02 1.395298e-09
2.750000e+02 1.346584e-09
2.760000e+02 1.300175e-09
2.770000e+02 1.255933e-09
2.780000e+02 1.213731e-09
2.790000e+02 1.173451e-09
2.800000e+02 1.134981e-09
2.810000e+02 1.098220e-09
2.820000e+02 1.063072e-09
2.830000e+02 1.029448e-09
2.840000e+02 9.972652e-10
2.850000e+02 9.664451e-10
2.860000e+02 9.369153e-10
2.870000e+02 9.086080e-10
2.880000e+02 8.814595e-10
2.890000e+02 8.554101e-10
2.900000e+02 8.304040e-10
2.910000e+02 8.063886e-10
2.920000e+02 7.833145e-10
2.930000e+02 7.611355e-10
2.940000e+02 7.398078e-10
2.950000e+02 7.192905e-10
2.960000e+02 6.995449e-10
2.970000e+02 6.805346e-10
2.980000e+02 6.622251e-10
2.990000e+02 6.445841e-10
3.000000e+02 6.275809e-10
3.010000e+02 6.111866e-10
3.020000e+02 5.953738e-10
3.030000e+02 5.801167e-10
3.040000e+02 5.653908e-10
3.050000e+02 5.511729e-10
3.060000e+02 5.374410e-10
3.070000e+02 5.241743e-10
3.080000e+02 5.113531e-10
3.090000e+02 4.989585e-10
3.100000e+02 4.869729e-10
3.110000e+02 4.753793e-10
3.120000e+02 4.641616e-10
3.130000e+02 4.533046e-10
3.140000e+02 4.427938e-10
3.150000e+02 4.326153e-10
3.160000e+02 4.227560e-10
3.170000e+02 4.132033e-10
3.180000e+02 4.039454e-10
3.190000e+02 3.949708e-10
3.200000e+02 3.862687e-10
3.210000e+02 3.778287e-10
3.220000e+02 3.696409e-10
3.230000e+02 3.616960e-10
3.240000e+02 3.539849e-10
3.250000e+02 3.464990e-10
3.260000e+02 3.392300e-10
3.270000e+02 3.321702e-10
3.280000e+02 3.253120e-10
3.290000e+02 3.186481e-10
3.300000e+02 3.121718e-10
3.310000e+02 3.058763e-10
3.320000e+02 2.997554e-10
3.330000e+02 2.938031e-10
3.340000e+02 2.880135e-10
3.350000e+02 2.823810e-10
3.360000e+02 2.769004e-10
3.370000e+02 2.715665e-10
3.380000e+02 2.663744e-10
3.390000e+02 2.613194e-10
3.400000e+02 2.563970e-10
3.410000e+02 2.516028e-10
3.420000e+02 2.469327e-10
3.430000e+02 2.423826e-10
3.440000e+02 2.379486e-10
3.450000e+02 2.336272e-10
3.460000e+02 2.294147e-10
3.470000e+02 2.253076e-10
3.480000e+02 2.213027e-10
3.490000e+02 2.173968e-10
3.500000e+02 2.135869e-10
3.510000e+02 2.098700e-10
3.520000e+02 2.062432e-10
3.530000e+02 2.027038e-10
3.540000e+02 1.992493e-10
3.550000e+02 1.958770e-10
3.560000e+02 1.925845e-10
3.570000e+02 1.893694e-10
3.580000e+02 1.862295e-10
3.590000e+02 1.831626e-10
3.600000e+02 1.801666e-10
3.610000e+02 1.772393e-10
3.620000e+02 1.743789e-10
3.630000e+02 1.715834e-10
3.640000e+02 1.688509e-10
3.650000e+02 1.661798e-10
3.660000e+02 1.635683e-10
3.670000e+02 1.610146e-10
3.680000e+02 1.585173e-10
3.690000e+02 1.560748e-10
3.700000e+02 1.536855e-10
3.710000e+02 1.513480e-10
3.720000e+02 1.490609e-10
3.730000e+02 1.468228e-10
3.740000e+02 1.446325e-10
3.750000e+02 1.424886e-10
3.760000e+02 1.403896e-10
3.770000e+02 1.383350e-10
3.780000e+02 1.363232e-10
3.790000e+02 1.343532e-10
3.800000e+02 1.324238e-10
3.810000e+02 1.305341e-10
3.820000e+02 1.286829e-10
3.830000e+02 1.268694e-10
3.840000e+02 1.250925e-10
3.850000e+02 1.233513e-10
3.860000e+02 1.216450e-10
3.870000e+02 1.199726e-10
3.880000e+02 1.183333e-10
3.890000e+02 1.167263e-10
3.900000e+02 1.151508e-10
3.910000e+02 1.136059e-10
3.920000e+02 1.120911e-10
3.930000e+02 1.106055e-10
3.940000e+02 1.091484e-10
3.950000e+02 1.077191e-10
3.960000e+02 1.063171e-10
3.970000e+02 1.049415e-10
3.980000e+02 1.035918e-10
3.990000e+02 1.022675e-10
4.000000e+02 1.009678e-10
4.010000e+02 9.969220e-11
4.020000e+02 9.844017e-11
4.030000e+02 9.721114e-11
4.040000e+02 9.600458e-11
4.050000e+02 9.481998e-11
4.060000e+02 9.365684e-11
4.070000e+02 9.251465e-11
4.080000e+02 9.139296e-11
4.090000e+02 9.029130e-11
4.100000e+02 8.920922e-11
4.110000e+02 8.814627e-11
4.120000e+02 8.710204e-11
4.130000e+02 8.607611e-11
4.140000e+02 8.506808e-11
4.150000e+02 8.407756e-11
4.160000e+02 8.310415e-11
4.170000e+02 8.214749e-11
4.180000e+02 8.120722e-11
4.190000e+02 8.028298e-11
4.200000e+02 7.937443e-11
4.210000e+02 7.848123e-11
4.220000e+02 7.760306e-11
4.230000e+02 7.673959e-11
4.240000e+02 7.589052e-11
4.250000e+02 7.505555e-11
4.260000e+02 7.423437e-11
4.270000e+02 7.342670e-11
4.280000e+02 7.263226e-11
4.290000e+02 7.185078e-11
4.300000e+02 7.108199e-11
4.310000e+02 7.032562e-11
4.320000e+02 6.958144e-11
4.330000e+02 6.884918e-11
4.340000e+02 6.812860e-11
4.350000e+02 6.741948e-11
4.360000e+02 6.672158e-11
4.370000e+02 6.603467e-11
4.380000e+02 6.535854e-11
4.390000e+02 6.469297e-11
4.400000e+02 6.403776e-11
4.410000e+02 6.339270e-11
4.420000e+02 6.275758e-11
4.430000e+02 6.213223e-11
4.440000e+02 6.151643e-11
4.450000e+02 6.091003e-11
4.460000e+02 6.031281e-11
4.470000e+02 5.972463e-11
4.480000e+02 5.914529e-11
4.490000e+02 5.857463e-11
4.500000e+02 5.801249e-11
4.510000e+02 5.745871e-11
4.520000e+02 5.691312e-11
4.530000e+02 5.637557e-11
4.540000e+02 5.584591e-11
4.550000e+02 5.532400e-11
4.560000e+02 5.480969e-11
4.570000e+02 5.430284e-11
4.580000e+02 5.380332e-11
4.590000e+02 5.331098e-11
4.600000e+02 5.282569e-11
4.610000e+02 5.234734e-11
4.620000e+02 5.187578e-11
4.630000e+02 5.141090e-11
4.640000e+02 5.095259e-11
4.650000e+02 5.050071e-11
4.660000e+02 5.005515e-11
4.670000e+02 4.961581e-11
4.680000e+02 4.918257e-11
4.690000e+02 4.875532e-11
4.700000e+02 4.833396e-11
4.710000e+02 4.791833e-11
4.720000e+02 4.750843e-11
4.730000e+02 4.710412e-11
4.740000e+02 4.670529e-11
4.750000e+02 4.631185e-11
4.760000e+02 4.592371e-11
4.770000e+02 4.554077e-11
4.780000e+02 4.516295e-11
4.790000e+02 4.479016e-11
4.800000e+02 4.442232e-11
4.810000e+02 4.405933e-11
4.820000e+02 4.370112e-11
4.830000e+02 4.334761e-11
4.840000e+02 4.299871e-11
4.850000e+02 4.265435e-11
4.860000e+02 4.231446e-11
4.870000e+02 4.197896e-11
4.880000e+02 4.164777e-11
4.890000e+02 4.132084e-11
4.900000e+02 4.099807e-11
4.910000e+02 4.067942e-11
4.920000e+02 4.036480e-11
4.930000e+02 4.005416e-11
4.940000e+02 3.974743e-11
4.950000e+02 3.944454e-11
4.960000e+02 3.914544e-11
4.970000e+02 3.885006e-11
4.980000e+02 3.855835e-11
4.990000e+02 3.827024e-11
5.000000e+02 3.798567e-11
