8.000000e+00 5.057951e-09 4.814064e-09 -3.456150e-08 7.659961e-12
1.200000e+01 5.057727e-09 4.813849e-09 -2.254909e-08 7.644192e-12
1.600000e+01 5.057413e-09 4.813548e-09 -1.654327e-08 7.619226e-12
2.000000e+01 5.057010e-09 4.813161e-09 -1.293930e-08 7.619269e-12
2.400000e+01 5.056518e-09 4.812687e-09 -1.053699e-08 7.627857e-12
2.800000e+01 5.055936e-09 4.812128e-09 -8.820812e-09 7.598278e-12
3.200000e+01 5.055264e-09 4.811483e-09 -7.534194e-09 7.593714e-12
3.600000e+01 5.054503e-09 4.810752e-09 -6.531824e-09 7.606484e-12
4.000000e+01 5.053654e-09 4.809936e-09 -5.731732e-09 7.589008e-12
4.400000e+01 5.052715e-09 4.809034e-09 -5.076897e-09 7.571432e-12
4.800000e+01 5.051687e-09 4.808046e-09 -4.530968e-09 7.549465e-12
5.200000e+01 5.050570e-09 4.806973e-09 -4.069454e-09 7.536672e-12
5.600000e+01 5.049364e-09 4.805815e-09 -3.672709e-09 7.541819e-12
6.000000e+01 5.048070e-09 4.804572e-09 -3.330022e-09 7.514312e-12
6.400000e+01 5.046687e-09 4.803243e-09 -3.030318e-09 7.489975e-12
6.800000e+01 5.045216e-09 4.801830e-09 -2.764562e-09 7.469176e-12
7.200000e+01 5.043656e-09 4.800332e-09 -2.529021e-09 7.453760e-12
7.600000e+01 5.042009e-09 4.798750e-09 -2.318034e-09 7.467430e-12
8.000000e+01 5.040274e-09 4.797083e-09 -2.129004e-09 7.486892e-12
8.400000e+01 5.038451e-09 4.795332e-09 -1.957093e-09 7.511271e-12
8.800000e+01 5.036541e-09 4.793497e-09 -1.801705e-09 7.503738e-12
9.200000e+01 5.034543e-09 4.791578e-09 -1.659835e-09 7.497926e-12
9.600000e+01 5.032459e-09 4.789576e-09 -1.530168e-09 7.480672e-12
1.000000e+02 5.030288e-09 4.787490e-09 -1.410384e-09 7.462131e-12
1.040000e+02 5.028030e-09 4.785322e-09 -1.300351e-09 7.436803e-12
1.080000e+02 5.025686e-09 4.783070e-09 -1.197968e-09 7.413165e-12
1.120000e+02 5.023256e-09 4.780736e-09 -1.103207e-09 7.414982e-12
1.160000e+02 5.020740e-09 4.778319e-09 -1.014721e-09 7.436247e-12
1.200000e+02 5.018139e-09 4.775820e-09 -9.326615e-10 7.450852e-12
1.240000e+02 5.015452e-09 4.773240e-09 -8.558357e-10 7.498012e-12
1.280000e+02 5.012681e-09 4.770578e-09 -7.840322e-10 7.510136e-12
1.320000e+02 5.009825e-09 4.767834e-09 -7.171382e-10 7.503969e-12
1.360000e+02 5.006885e-09 4.765010e-09 -6.527037e-10 7.453994e-12
1.400000e+02 5.003860e-09 4.762105e-09 -5.929857e-10 7.420327e-12
1.440000e+02 5.000753e-09 4.759120e-09 -5.354858e-10 7.410005e-12
1.480000e+02 4.997561e-09 4.756054e-09 -4.821797e-10 7.409261e-12
1.520000e+02 4.994287e-09 4.752909e-09 -4.317589e-10 7.400008e-12
1.560000e+02 4.990930e-09 4.749685e-09 -3.829333e-10 7.416368e-12
1.600000e+02 4.987491e-09 4.746382e-09 -3.377463e-10 7.425796e-12
1.640000e+02 4.983970e-09 4.743000e-09 -2.944477e-10 7.456772e-12
1.680000e+02 4.980368e-09 4.739540e-09 -2.537867e-10 7.482894e-12
1.720000e+02 4.976684e-09 4.736002e-09 -2.157002e-10 7.506298e-12
1.760000e+02 4.972920e-09 4.732386e-09 -1.778223e-10 7.523141e-12
1.800000e+02 4.969076e-09 4.728693e-09 -1.427357e-10 7.518871e-12
1.840000e+02 4.965151e-09 4.724924e-09 -1.083509e-10 7.522816e-12
1.880000e+02 4.961147e-09 4.721078e-09 -7.662959e-11 7.529510e-12
1.920000e+02 4.957064e-09 4.717156e-09 -4.568734e-11 7.554284e-12
1.960000e+02 4.952902e-09 4.713158e-09 -1.734191e-11 7.572579e-12
2.000000e+02 4.948662e-09 4.709086e-09 1.088154e-11 7.570838e-12
2.040000e+02 4.944344e-09 4.704939e-09 3.762900e-11 7.546533e-12
2.080000e+02 4.939949e-09 4.700717e-09 6.358174e-11 7.526805e-12
2.120000e+02 4.935477e-09 4.696422e-09 8.873715e-11 7.500489e-12
2.160000e+02 4.930928e-09 4.692053e-09 1.129612e-10 7.475119e-12
2.200000e+02 4.926304e-09 4.687612e-09 1.367705e-10 7.451707e-12
2.240000e+02 4.921604e-09 4.683098e-09 1.586449e-10 8.008029e-12
2.280000e+02 4.916829e-09 4.678512e-09 1.804619e-10 7.991565e-12
2.320000e+02 4.911979e-09 4.673854e-09 2.007458e-10 7.966210e-12
2.360000e+02 4.907056e-09 4.669126e-09 2.205647e-10 7.950674e-12
2.400000e+02 4.902059e-09 4.664327e-09 2.398901e-10 7.951784e-12
2.440000e+02 4.896989e-09 4.659457e-09 2.583210e-10 7.965536e-12
2.480000e+02 4.891846e-09 4.654519e-09 2.762178e-10 7.983707e-12
2.520000e+02 4.886632e-09 4.649511e-09 2.931228e-10 8.001265e-12
2.560000e+02 4.881346e-09 4.644434e-09 3.099508e-10 8.019373e-12
2.600000e+02 4.875989e-09 4.639290e-09 3.261479e-10 8.015466e-12
2.640000e+02 4.870562e-09 4.634078e-09 3.411627e-10 8.009388e-12
2.680000e+02 4.865065e-09 4.628798e-09 3.573273e-10 7.997123e-12
2.720000e+02 4.859498e-09 4.623453e-09 3.721126e-10 7.972289e-12
2.760000e+02 4.853863e-09 4.618041e-09 3.863370e-10 7.964416e-12
2.800000e+02 4.848159e-09 4.612564e-09 3.999485e-10 7.952712e-12
2.840000e+02 4.842388e-09 4.607022e-09 4.128879e-10 7.947614e-12
2.880000e+02 4.836550e-09 4.601415e-09 4.257745e-10 7.958623e-12
2.920000e+02 4.830645e-09 4.595745e-09 4.374722e-10 7.971685e-12
2.960000e+02 4.824674e-09 4.590011e-09 4.480325e-10 7.985073e-12
3.000000e+02 4.818638e-09 4.584215e-09 4.602108e-10 8.000979e-12
3.040000e+02 4.812537e-09 4.578357e-09 4.710659e-10 7.977311e-12
3.080000e+02 4.806372e-09 4.572436e-09 4.822057e-10 7.949363e-12
3.120000e+02 4.800143e-09 4.566455e-09 4.928373e-10 7.930778e-12
3.160000e+02 4.793851e-09 4.560413e-09 5.029327e-10 7.916507e-12
3.200000e+02 4.787496e-09 4.554312e-09 5.131555e-10 7.911256e-12
3.240000e+02 4.781080e-09 4.548151e-09 5.233862e-10 7.909241e-12
3.280000e+02 4.774602e-09 4.541931e-09 5.328409e-10 7.909161e-12
3.320000e+02 4.768063e-09 4.535653e-09 5.424751e-10 7.908591e-12
3.360000e+02 4.761465e-09 4.529318e-09 5.515799e-10 7.902085e-12
3.400000e+02 4.754807e-09 4.522925e-09 5.603886e-10 7.902076e-12
3.440000e+02 4.748090e-09 4.516476e-09 5.691494e-10 7.908657e-12
3.480000e+02 4.741315e-09 4.509971e-09 5.777970e-10 7.911579e-12
3.520000e+02 4.734482e-09 4.503411e-09 5.860055e-10 7.911293e-12
3.560000e+02 4.727592e-09 4.496751e-09 5.944981e-10 7.897802e-12
3.600000e+02 4.720645e-09 4.490080e-09 6.024165e-10 7.897548e-12
3.640000e+02 4.713643e-09 4.483355e-09 6.098905e-10 7.902399e-12
3.680000e+02 4.706586e-09 4.476577e-09 6.165842e-10 7.897068e-12
3.720000e+02 4.699474e-09 4.469747e-09 6.240785e-10 7.895332e-12
3.760000e+02 4.692308e-09 4.462865e-09 6.304397e-10 7.889524e-12
3.800000e+02 4.685089e-09 4.455932e-09 6.369222e-10 7.883368e-12
3.840000e+02 4.677817e-09 4.448949e-09 6.434467e-10 7.893710e-12
3.880000e+02 4.670493e-09 4.441916e-09 6.491367e-10 7.882159e-12
3.920000e+02 4.663117e-09 4.434833e-09 6.552018e-10 7.879705e-12
3.960000e+02 4.655691e-09 4.427701e-09 6.611027e-10 7.886223e-12
4.000000e+02 4.648215e-09 4.420521e-09 6.669088e-10 7.879458e-12
4.040000e+02 4.640689e-09 4.413294e-09 6.727664e-10 7.891489e-12
4.080000e+02 4.633114e-09 4.406020e-09 6.777037e-10 7.900487e-12
4.120000e+02 4.625491e-09 4.398699e-09 6.823439e-10 7.905512e-12
4.160000e+02 4.617820e-09 4.391333e-09 6.870852e-10 7.909376e-12
4.200000e+02 4.610102e-09 4.383922e-09 6.916586e-10 7.929898e-12
4.240000e+02 4.602338e-09 4.376466e-09 6.956368e-10 7.945251e-12
4.280000e+02 4.594527e-09 4.368966e-09 7.008338e-10 7.969582e-12
4.320000e+02 4.586672e-09 4.361423e-09 7.049200e-10 7.989707e-12
4.360000e+02 4.578773e-09 4.353838e-09 7.103345e-10 7.992309e-12
4.400000e+02 4.570829e-09 4.346210e-09 7.160091e-10 7.991778e-12
4.440000e+02 4.562842e-09 4.338541e-09 7.205642e-10 7.984557e-12
4.480000e+02 4.554813e-09 4.330831e-09 7.243541e-10 7.971961e-12
4.520000e+02 4.546742e-09 4.323081e-09 7.285889e-10 7.967541e-12
4.560000e+02 4.538629e-09 4.315291e-09 7.333129e-10 7.974574e-12
4.600000e+02 4.530476e-09 4.307462e-09 7.374040e-10 7.980422e-12
4.640000e+02 4.522282e-09 4.299595e-09 7.408414e-10 7.974613e-12
4.680000e+02 4.514049e-09 4.291690e-09 7.442994e-10 7.984933e-12
4.720000e+02 4.505778e-09 4.283747e-09 7.470223e-10 8.012416e-12
4.760000e+02 4.497468e-09 4.275769e-09 7.500523e-10 8.058080e-12
4.800000e+02 4.489120e-09 4.267754e-09 7.529964e-10 8.099666e-12
4.840000e+02 4.480736e-09 4.259703e-09 7.552379e-10 8.115619e-12
4.880000e+02 4.472315e-09 4.251618e-09 7.571935e-10 8.122880e-12
4.920000e+02 4.463859e-09 4.243499e-09 7.609296e-10 8.132575e-12
4.960000e+02 4.455367e-09 4.235346e-09 7.641395e-10 8.135655e-12
5.000000e+02 4.446841e-09 4.227160e-09 7.668586e-10 8.139481e-12
5.040000e+02 4.438281e-09 4.218942e-09 7.702141e-10 8.148668e-12
5.080000e+02 4.429688e-09 4.210691e-09 7.729242e-10 8.154190e-12
5.120000e+02 4.421062e-09 4.202410e-09 7.764148e-10 8.171914e-12
5.160000e+02 4.412405e-09 4.194098e-09 7.785778e-10 8.187300e-12
5.200000e+02 4.403715e-09 4.185756e-09 7.810740e-10 8.207850e-12
5.240000e+02 4.394995e-09 4.177384e-09 7.841061e-10 8.233593e-12
5.280000e+02 4.386245e-09 4.168983e-09 7.860274e-10 8.249598e-12
5.320000e+02 4.377465e-09 4.160554e-09 7.881919e-10 8.281071e-12
5.360000e+02 4.368657e-09 4.152098e-09 7.898466e-10 8.305120e-12
5.400000e+02 4.359819e-09 4.143614e-09 7.910951e-10 8.303931e-12
5.440000e+02 4.350954e-09 4.135103e-09 7.932039e-10 8.318832e-12
5.480000e+02 4.342062e-09 4.126567e-09 7.951770e-10 8.342299e-12
5.520000e+02 4.333143e-09 4.118005e-09 7.972866e-10 8.364573e-12
5.560000e+02 4.324198e-09 4.109418e-09 7.991253e-10 8.362569e-12
5.600000e+02 4.315228e-09 4.100807e-09 8.016002e-10 8.347340e-12
5.640000e+02 4.306233e-09 4.092172e-09 8.030705e-10 8.318274e-12
5.680000e+02 4.297213e-09 4.083513e-09 8.045703e-10 8.289080e-12
5.720000e+02 4.288170e-09 4.074832e-09 8.060936e-10 8.251940e-12
5.760000e+02 4.279103e-09 4.066129e-09 8.079697e-10 8.231324e-12
5.800000e+02 4.270014e-09 4.057404e-09 8.103526e-10 8.218736e-12
5.840000e+02 4.260903e-09 4.048658e-09 8.124128e-10 8.212268e-12
5.880000e+02 4.251770e-09 4.039892e-09 8.132058e-10 8.216418e-12
5.920000e+02 4.242617e-09 4.031106e-09 8.145047e-10 8.243639e-12
5.960000e+02 4.233443e-09 4.022300e-09 8.156218e-10 8.262567e-12
6.000000e+02 4.224249e-09 4.013476e-09 8.163521e-10 8.255368e-12
6.040000e+02 4.215036e-09 4.004633e-09 8.180508e-10 8.213176e-12
6.080000e+02 4.205804e-09 3.995772e-09 8.190788e-10 8.184421e-12
6.120000e+02 4.196555e-09 3.986893e-09 8.205132e-10 8.170178e-12
6.160000e+02 4.187287e-09 3.977998e-09 8.219626e-10 8.168216e-12
6.200000e+02 4.178002e-09 3.969087e-09 8.223669e-10 8.170689e-12
6.240000e+02 4.168701e-09 3.960160e-09 8.241456e-10 8.174071e-12
6.280000e+02 4.159384e-09 3.951218e-09 8.251583e-10 8.166064e-12
6.320000e+02 4.150051e-09 3.942261e-09 8.266843e-10 8.174930e-12
6.360000e+02 4.140704e-09 3.933289e-09 8.277468e-10 8.177179e-12
6.400000e+02 4.131341e-09 3.924304e-09 8.285033e-10 8.176449e-12
6.440000e+02 4.121965e-09 3.915306e-09 8.297010e-10 8.191999e-12
6.480000e+02 4.112576e-09 3.906254e-09 8.304111e-10 8.202909e-12
6.520000e+02 4.103173e-09 3.897229e-09 8.314771e-10 8.239533e-12
6.560000e+02 4.093758e-09 3.888193e-09 8.319671e-10 8.280455e-12
6.600000e+02 4.084331e-09 3.879145e-09 8.331380e-10 8.321739e-12
6.640000e+02 4.074893e-09 3.870086e-09 8.341519e-10 8.353979e-12
6.680000e+02 4.065443e-09 3.861016e-09 8.344754e-10 8.364007e-12
6.720000e+02 4.055983e-09 3.851937e-09 8.352200e-10 8.364073e-12
6.760000e+02 4.046513e-09 3.842848e-09 8.356779e-10 8.352743e-12
6.800000e+02 4.037034e-09 3.833751e-09 8.363904e-10 8.328159e-12
6.840000e+02 4.027545e-09 3.824644e-09 8.372628e-10 8.312359e-12
6.880000e+02 4.018048e-09 3.815530e-09 8.373940e-10 8.294770e-12
6.920000e+02 4.008543e-09 3.806408e-09 8.360817e-10 8.273409e-12
6.960000e+02 3.999030e-09 3.797278e-09 8.369861e-10 8.270628e-12
7.000000e+02 3.989510e-09 3.788142e-09 8.378807e-10 8.274705e-12
7.040000e+02 3.979984e-09 3.778999e-09 8.383859e-10 8.271438e-12
7.080000e+02 3.970450e-09 3.769851e-09 8.394739e-10 8.274345e-12
7.120000e+02 3.960912e-09 3.760697e-09 8.396440e-10 8.267675e-12
7.160000e+02 3.951367e-09 3.751538e-09 8.400337e-10 8.263773e-12
7.200000e+02 3.941818e-09 3.742374e-09 8.401363e-10 8.263119e-12
7.240000e+02 3.932264e-09 3.733206e-09 8.407453e-10 8.276599e-12
7.280000e+02 3.922706e-09 3.724034e-09 8.419327e-10 8.298206e-12
7.320000e+02 3.913145e-09 3.714859e-09 8.418056e-10 8.304963e-12
7.360000e+02 3.903580e-09 3.705681e-09 8.425034e-10 8.323173e-12
7.400000e+02 3.894012e-09 3.696500e-09 8.388288e-10 7.041760e-12
7.440000e+02 3.884442e-09 3.687317e-09 8.390028e-10 7.051566e-12
7.480000e+02 3.874870e-09 3.678132e-09 8.400334e-10 7.061628e-12
7.520000e+02 3.865296e-09 3.668946e-09 8.404783e-10 7.063534e-12
7.560000e+02 3.855721e-09 3.659759e-09 8.410006e-10 7.072634e-12
7.600000e+02 3.846145e-09 3.650571e-09 8.415750e-10 7.079827e-12
7.640000e+02 3.836569e-09 3.641382e-09 8.404136e-10 7.077684e-12
7.680000e+02 3.826992e-09 3.632194e-09 8.406252e-10 7.094110e-12
7.720000e+02 3.817416e-09 3.623006e-09 8.410418e-10 7.110219e-12
7.760000e+02 3.807841e-09 3.613819e-09 8.404248e-10 7.117595e-12
7.800000e+02 3.798267e-09 3.604634e-09 8.400064e-10 7.131019e-12
7.840000e+02 3.788694e-09 3.595449e-09 8.404787e-10 7.157842e-12
7.880000e+02 3.779123e-09 3.586267e-09 8.400750e-10 7.180719e-12
7.920000e+02 3.769555e-09 3.577087e-09 8.400150e-10 7.216431e-12
7.960000e+02 3.759988e-09 3.567909e-09 8.400191e-10 7.236089e-12
8.000000e+02 3.750425e-09 3.558735e-09 8.403043e-10 7.256588e-12
8.040000e+02 3.740865e-09 3.549563e-09 8.404873e-10 7.279300e-12
8.080000e+02 3.731309e-09 3.540395e-09 8.405787e-10 7.284061e-12
8.120000e+02 3.721756e-09 3.531231e-09 8.402128e-10 7.288303e-12
8.160000e+02 3.712208e-09 3.522072e-09 8.396714e-10 7.291681e-12
8.200000e+02 3.702665e-09 3.512917e-09 8.393747e-10 7.302296e-12
8.240000e+02 3.693126e-09 3.503766e-09 8.389447e-10 7.319739e-12
8.280000e+02 3.683593e-09 3.494621e-09 8.384586e-10 7.319739e-12
8.320000e+02 3.674065e-09 3.485482e-09 8.384467e-10 7.311665e-12
8.360000e+02 3.664543e-09 3.476348e-09 8.384979e-10 7.300308e-12
8.400000e+02 3.655028e-09 3.467221e-09 8.379671e-10 7.276913e-12
8.440000e+02 3.645519e-09 3.458099e-09 8.377601e-10 7.258661e-12
8.480000e+02 3.636017e-09 3.448985e-09 8.370758e-10 7.237655e-12
8.520000e+02 3.626521e-09 3.439877e-09 8.371439e-10 7.227798e-12
8.560000e+02 3.617034e-09 3.430777e-09 8.367492e-10 7.221614e-12
8.600000e+02 3.607554e-09 3.421684e-09 8.368129e-10 7.216524e-12
8.640000e+02 3.598082e-09 3.412600e-09 8.363943e-10 7.204962e-12
8.680000e+02 3.588619e-09 3.403523e-09 8.367752e-10 7.202347e-12
8.720000e+02 3.579164e-09 3.394455e-09 8.365820e-10 7.190698e-12
8.760000e+02 3.569718e-09 3.385395e-09 8.362212e-10 7.189841e-12
8.800000e+02 3.560281e-09 3.376344e-09 8.365465e-10 7.199087e-12
8.840000e+02 3.550853e-09 3.367303e-09 8.356890e-10 7.205731e-12
8.880000e+02 3.541435e-09 3.358270e-09 8.356255e-10 7.213300e-12
8.920000e+02 3.532028e-09 3.349248e-09 8.354718e-10 7.224461e-12
8.960000e+02 3.522630e-09 3.340235e-09 8.349585e-10 7.237399e-12
9.000000e+02 3.513243e-09 3.331233e-09 8.347508e-10 7.241166e-12
9.040000e+02 3.503866e-09 3.322241e-09 8.339151e-10 7.244294e-12
9.080000e+02 3.494501e-09 3.313260e-09 8.334977e-10 7.246260e-12
9.120000e+02 3.485147e-09 3.304290e-09 8.330009e-10 7.244117e-12
9.160000e+02 3.475804e-09 3.295330e-09 8.322025e-10 7.241529e-12
9.200000e+02 3.466473e-09 3.286383e-09 8.323581e-10 6.749033e-12
9.240000e+02 3.457153e-09 3.277446e-09 8.324074e-10 6.744346e-12
9.280000e+02 3.447846e-09 3.268522e-09 8.327836e-10 6.738578e-12
9.320000e+02 3.438552e-09 3.259610e-09 8.329336e-10 6.724624e-12
9.360000e+02 3.429270e-09 3.250709e-09 8.321337e-10 6.721043e-12
9.400000e+02 3.420001e-09 3.241822e-09 8.312923e-10 6.721144e-12
9.440000e+02 3.410744e-09 3.232947e-09 8.303797e-10 6.724832e-12
9.480000e+02 3.401501e-09 3.224084e-09 8.309086e-10 6.737121e-12
9.520000e+02 3.392272e-09 3.215235e-09 8.304130e-10 6.760197e-12
9.560000e+02 3.383056e-09 3.206399e-09 8.306051e-10 6.787749e-12
9.600000e+02 3.373854e-09 3.197577e-09 8.304005e-10 6.805714e-12
9.640000e+02 3.364667e-09 3.188768e-09 8.297437e-10 6.816059e-12
9.680000e+02 3.355493e-09 3.179973e-09 8.301323e-10 6.824154e-12
9.720000e+02 3.346334e-09 3.171192e-09 8.298601e-10 6.834713e-12
9.760000e+02 3.337190e-09 3.162426e-09 8.294096e-10 6.833823e-12
9.800000e+02 3.328060e-09 3.153673e-09 8.293620e-10 6.828369e-12
9.840000e+02 3.318945e-09 3.144936e-09 8.288861e-10 6.826438e-12
9.880000e+02 3.309846e-09 3.136213e-09 8.283392e-10 6.818657e-12
9.920000e+02 3.300762e-09 3.127505e-09 8.277520e-10 6.820617e-12
9.960000e+02 3.291694e-09 3.118812e-09 8.275536e-10 6.812400e-12
1.000000e+03 3.282641e-09 3.110134e-09 8.275686e-10 6.813619e-12
1.004000e+03 3.273604e-09 3.101471e-09 8.271409e-10 6.815134e-12
1.008000e+03 3.264584e-09 3.092805e-09 8.263894e-10 6.811163e-12
1.012000e+03 3.255579e-09 3.084173e-09 8.259768e-10 6.818221e-12
1.016000e+03 3.246591e-09 3.075557e-09 8.247418e-10 6.828358e-12
1.020000e+03 3.237619e-09 3.066958e-09 8.248910e-10 6.836499e-12
1.024000e+03 3.228665e-09 3.058374e-09 8.241555e-10 6.830987e-12
1.028000e+03 3.219727e-09 3.049807e-09 8.234511e-10 6.840763e-12
1.032000e+03 3.210806e-09 3.041256e-09 8.229718e-10 6.849242e-12
1.036000e+03 3.201902e-09 3.032722e-09 8.224466e-10 6.860983e-12
1.040000e+03 3.193015e-09 3.024204e-09 8.225645e-10 6.892702e-12
1.044000e+03 3.184146e-09 3.015704e-09 8.218220e-10 6.913380e-12
1.048000e+03 3.175294e-09 3.007220e-09 8.218212e-10 6.935066e-12
1.052000e+03 3.166460e-09 2.998753e-09 8.211411e-10 6.952946e-12
1.056000e+03 3.157644e-09 2.990304e-09 8.207815e-10 6.974475e-12
1.060000e+03 3.148846e-09 2.981872e-09 8.201704e-10 6.986091e-12
1.064000e+03 3.140065e-09 2.973457e-09 8.200762e-10 7.004418e-12
1.068000e+03 3.131303e-09 2.965060e-09 8.186756e-10 7.016699e-12
1.072000e+03 3.122560e-09 2.956681e-09 8.181177e-10 7.037393e-12
1.076000e+03 3.113834e-09 2.948320e-09 8.169427e-10 7.046568e-12
1.080000e+03 3.105127e-09 2.939976e-09 8.167321e-10 7.051214e-12
1.084000e+03 3.096439e-09 2.931651e-09 8.163356e-10 7.043642e-12
1.088000e+03 3.087770e-09 2.923343e-09 8.160663e-10 7.042488e-12
1.092000e+03 3.079119e-09 2.915054e-09 8.157287e-10 7.039448e-12
1.096000e+03 3.070488e-09 2.906783e-09 8.151387e-10 7.043012e-12
1.100000e+03 3.061875e-09 2.898531e-09 8.149130e-10 7.053186e-12
1.104000e+03 3.053282e-09 2.890297e-09 8.148101e-10 7.077908e-12
1.108000e+03 3.044708e-09 2.882081e-09 8.144789e-10 7.089925e-12
1.112000e+03 3.036153e-09 2.873885e-09 8.143114e-10 7.113689e-12
1.116000e+03 3.027618e-09 2.865707e-09 8.123926e-10 7.130515e-12
1.120000e+03 3.019102e-09 2.857548e-09 8.119510e-10 7.159063e-12
1.124000e+03 3.010606e-09 2.849408e-09 8.117131e-10 7.169203e-12
1.128000e+03 3.002129e-09 2.841287e-09 8.105777e-10 7.148864e-12
1.132000e+03 2.993673e-09 2.833185e-09 8.099808e-10 7.121666e-12
1.136000e+03 2.985236e-09 2.825103e-09 8.099065e-10 7.106626e-12
1.140000e+03 2.976819e-09 2.817039e-09 8.097198e-10 7.090190e-12
1.144000e+03 2.968422e-09 2.808995e-09 8.093969e-10 7.086201e-12
1.148000e+03 2.960046e-09 2.800971e-09 8.088546e-10 7.080384e-12
1.152000e+03 2.951689e-09 2.792966e-09 8.079986e-10 7.070490e-12
1.156000e+03 2.943353e-09 2.784980e-09 8.071996e-10 7.057474e-12
1.160000e+03 2.935037e-09 2.777014e-09 8.065686e-10 7.047739e-12
1.164000e+03 2.926741e-09 2.769068e-09 8.059975e-10 6.652028e-12
1.168000e+03 2.918466e-09 2.761142e-09 8.062745e-10 6.640154e-12
1.172000e+03 2.910212e-09 2.753235e-09 8.057772e-10 6.644072e-12
1.176000e+03 2.901977e-09 2.745348e-09 8.050528e-10 6.651384e-12
1.180000e+03 2.893764e-09 2.737481e-09 8.050262e-10 6.672946e-12
1.184000e+03 2.885571e-09 2.729634e-09 8.046108e-10 6.707627e-12
1.188000e+03 2.877399e-09 2.721807e-09 8.040601e-10 6.728227e-12
1.192000e+03 2.869248e-09 2.714000e-09 8.037431e-10 6.759115e-12
1.196000e+03 2.861117e-09 2.706214e-09 8.032758e-10 6.776542e-12
1.200000e+03 2.853008e-09 2.698447e-09 8.024081e-10 6.750154e-12
