4.000000e+00 2.004065e-07 
5.000000e+00 1.696397e-07 
6.000000e+00 1.433774e-07 
7.000000e+00 1.228503e-07 
8.000000e+00 1.070024e-07 
9.000000e+00 9.460749e-08 
1.000000e+01 8.472272e-08 
1.100000e+01 7.668418e-08 
1.200000e+01 7.003054e-08 
1.300000e+01 6.443792e-08 
1.400000e+01 5.967464e-08 
1.500000e+01 5.557146e-08 
1.600000e+01 5.200227e-08 
1.700000e+01 4.887119e-08 
1.800000e+01 4.610400e-08 
1.900000e+01 4.364234e-08 
2.000000e+01 4.143964e-08 
2.100000e+01 3.945829e-08 
2.200000e+01 3.766754e-08 
2.300000e+01 3.604202e-08 
2.400000e+01 3.456054e-08 
2.500000e+01 3.320550e-08 
2.600000e+01 3.196177e-08 
2.700000e+01 3.081659e-08 
2.800000e+01 2.975912e-08 
2.900000e+01 2.877989e-08 
3.000000e+01 2.787078e-08 
3.100000e+01 2.702471e-08 
3.200000e+01 2.623551e-08 
3.300000e+01 2.549776e-08 
3.400000e+01 2.480671e-08 
3.500000e+01 2.415815e-08 
3.600000e+01 2.354836e-08 
3.700000e+01 2.297403e-08 
3.800000e+01 2.243221e-08 
3.900000e+01 2.192026e-08 
4.000000e+01 2.143581e-08 
4.100000e+01 2.097674e-08 
4.200000e+01 2.054114e-08 
4.300000e+01 2.012728e-08 
4.400000e+01 1.973358e-08 
4.500000e+01 1.935863e-08 
4.600000e+01 1.900113e-08 
4.700000e+01 1.865991e-08 
4.800000e+01 1.833389e-08 
4.900000e+01 1.802208e-08 
5.000000e+01 1.772358e-08 
5.100000e+01 1.743758e-08 
5.200000e+01 1.716329e-08 
5.300000e+01 1.690003e-08 
5.400000e+01 1.664715e-08 
5.500000e+01 1.640405e-08 
5.600000e+01 1.617018e-08 
5.700000e+01 1.594502e-08 
5.800000e+01 1.572810e-08 
5.900000e+01 1.551898e-08 
6.000000e+01 1.531724e-08 
6.100000e+01 1.512251e-08 
6.200000e+01 1.493443e-08 
6.300000e+01 1.475267e-08 
6.400000e+01 1.457690e-08 
6.500000e+01 1.440685e-08 
6.600000e+01 1.424226e-08 
6.700000e+01 1.408283e-08 
6.800000e+01 1.392835e-08 
6.900000e+01 1.377858e-08 
7.000000e+01 1.363332e-08 
7.100000e+01 1.349237e-08 
7.200000e+01 1.335554e-08 
7.300000e+01 1.322264e-08 
7.400000e+01 1.309353e-08 
7.500000e+01 1.296802e-08 
7.600000e+01 1.284599e-08 
7.700000e+01 1.272728e-08 
7.800000e+01 1.261176e-08 
7.900000e+01 1.249930e-08 
8.000000e+01 1.238980e-08 
8.100000e+01 1.228312e-08 
8.200000e+01 1.217917e-08 
8.300000e+01 1.207784e-08 
8.400000e+01 1.197903e-08 
8.500000e+01 1.188265e-08 
8.600000e+01 1.178862e-08 
8.700000e+01 1.169684e-08 
8.800000e+01 1.160724e-08 
8.900000e+01 1.151975e-08 
9.000000e+01 1.143428e-08 
9.100000e+01 1.135077e-08 
9.200000e+01 1.126916e-08 
9.300000e+01 1.118938e-08 
9.400000e+01 1.111137e-08 
9.500000e+01 1.103507e-08 
9.600000e+01 1.096043e-08 
9.700000e+01 1.088739e-08 
9.800000e+01 1.081590e-08 
9.900000e+01 1.074592e-08 
1.000000e+02 1.067739e-08 
1.010000e+02 1.061028e-08 
1.020000e+02 1.054454e-08 
1.030000e+02 1.048546e-08 
1.040000e+02 1.042786e-08 
1.050000e+02 1.037129e-08 
1.060000e+02 1.031573e-08 
1.070000e+02 1.026114e-08 
1.080000e+02 1.020752e-08 
1.090000e+02 1.015480e-08 
1.100000e+02 1.010299e-08 
1.110000e+02 1.005206e-08 
1.120000e+02 1.000198e-08 
1.130000e+02 9.952736e-09 
1.140000e+02 9.904308e-09 
1.150000e+02 9.856674e-09 
1.160000e+02 9.809814e-09 
1.170000e+02 9.763711e-09 
1.180000e+02 9.718345e-09 
1.190000e+02 9.673700e-09 
1.200000e+02 9.629758e-09 
1.210000e+02 9.586504e-09 
1.220000e+02 9.543920e-09 
1.230000e+02 9.501993e-09 
1.240000e+02 9.460706e-09 
1.250000e+02 9.420046e-09 
1.260000e+02 9.379998e-09 
1.270000e+02 9.340549e-09 
1.280000e+02 9.301686e-09 
1.290000e+02 9.263396e-09 
1.300000e+02 9.225667e-09 
1.310000e+02 9.188486e-09 
1.320000e+02 9.151842e-09 
1.330000e+02 9.115724e-09 
1.340000e+02 9.080120e-09 
1.350000e+02 9.045020e-09 
1.360000e+02 9.010413e-09 
1.370000e+02 8.976290e-09 
1.380000e+02 8.942640e-09 
1.390000e+02 8.909455e-09 
1.400000e+02 8.876724e-09 
1.410000e+02 8.844438e-09 
1.420000e+02 8.812589e-09 
1.430000e+02 8.781169e-09 
1.440000e+02 8.750168e-09 
1.450000e+02 8.719580e-09 
1.460000e+02 8.689394e-09 
1.470000e+02 8.659605e-09 
1.480000e+02 8.630205e-09 
1.490000e+02 8.601186e-09 
1.500000e+02 8.572541e-09 
1.510000e+02 8.544263e-09 
1.520000e+02 8.516346e-09 
1.530000e+02 8.488782e-09 
1.540000e+02 8.461565e-09 
1.550000e+02 8.434689e-09 
1.560000e+02 8.408148e-09 
1.570000e+02 8.381936e-09 
1.580000e+02 8.356046e-09 
1.590000e+02 8.330474e-09 
1.600000e+02 8.305213e-09 
1.610000e+02 8.280258e-09 
1.620000e+02 8.255603e-09 
1.630000e+02 8.231245e-09 
1.640000e+02 8.207176e-09 
1.650000e+02 8.183392e-09 
1.660000e+02 8.159889e-09 
1.670000e+02 8.136662e-09 
1.680000e+02 8.113706e-09 
1.690000e+02 8.091015e-09 
1.700000e+02 8.068587e-09 
1.710000e+02 8.046416e-09 
1.720000e+02 8.024499e-09 
1.730000e+02 8.002830e-09 
1.740000e+02 7.981407e-09 
1.750000e+02 7.960224e-09 
1.760000e+02 7.939278e-09 
1.770000e+02 7.918565e-09 
1.780000e+02 7.898082e-09 
1.790000e+02 7.877824e-09 
1.800000e+02 7.857788e-09 
1.810000e+02 7.837971e-09 
1.820000e+02 7.818368e-09 
1.830000e+02 7.798977e-09 
1.840000e+02 7.779795e-09 
1.850000e+02 7.760817e-09 
1.860000e+02 7.742041e-09 
1.870000e+02 7.723464e-09 
1.880000e+02 7.705082e-09 
1.890000e+02 7.686892e-09 
1.900000e+02 7.668892e-09 
1.910000e+02 7.651080e-09 
1.920000e+02 7.633450e-09 
1.930000e+02 7.616002e-09 
1.940000e+02 7.598731e-09 
1.950000e+02 7.581636e-09 
1.960000e+02 7.564714e-09 
1.970000e+02 7.547963e-09 
1.980000e+02 7.531379e-09 
1.990000e+02 7.514961e-09 
2.000000e+02 7.498705e-09 
2.010000e+02 7.482609e-09 
2.020000e+02 7.466672e-09 
2.030000e+02 7.450890e-09 
2.040000e+02 7.435262e-09 
2.050000e+02 7.419785e-09 
2.060000e+02 7.404456e-09 
2.070000e+02 7.389275e-09 
2.080000e+02 7.374239e-09 
2.090000e+02 7.359345e-09 
2.100000e+02 7.344592e-09 
2.110000e+02 7.329977e-09 
2.120000e+02 7.315499e-09 
2.130000e+02 7.301156e-09 
2.140000e+02 7.286945e-09 
2.150000e+02 7.272865e-09 
2.160000e+02 7.258915e-09 
2.170000e+02 7.245091e-09 
2.180000e+02 7.231394e-09 
2.190000e+02 7.217820e-09 
2.200000e+02 7.204368e-09 
2.210000e+02 7.191036e-09 
2.220000e+02 7.177823e-09 
2.230000e+02 7.164727e-09 
2.240000e+02 7.151747e-09 
2.250000e+02 7.138880e-09 
2.260000e+02 7.126126e-09 
2.270000e+02 7.113482e-09 
2.280000e+02 7.100948e-09 
2.290000e+02 7.088522e-09 
2.300000e+02 7.076203e-09 
2.310000e+02 7.063988e-09 
2.320000e+02 7.051876e-09 
2.330000e+02 7.039867e-09 
2.340000e+02 7.027959e-09 
2.350000e+02 7.016150e-09 
2.360000e+02 7.004440e-09 
2.370000e+02 6.992826e-09 
2.380000e+02 6.981308e-09 
2.390000e+02 6.969885e-09 
2.400000e+02 6.958554e-09 
2.410000e+02 6.947316e-09 
2.420000e+02 6.936168e-09 
2.430000e+02 6.925110e-09 
2.440000e+02 6.914140e-09 
2.450000e+02 6.903258e-09 
2.460000e+02 6.892462e-09 
2.470000e+02 6.881751e-09 
2.480000e+02 6.871124e-09 
2.490000e+02 6.860579e-09 
2.500000e+02 6.850117e-09 
2.510000e+02 6.839736e-09 
2.520000e+02 6.829434e-09 
2.530000e+02 6.819211e-09 
2.540000e+02 6.809066e-09 
2.550000e+02 6.798998e-09 
2.560000e+02 6.789006e-09 
2.570000e+02 6.779089e-09 
2.580000e+02 6.769245e-09 
2.590000e+02 6.759475e-09 
2.600000e+02 6.749778e-09 
2.610000e+02 6.740151e-09 
2.620000e+02 6.730595e-09 
2.630000e+02 6.721109e-09 
2.640000e+02 6.711692e-09 
2.650000e+02 6.702342e-09 
2.660000e+02 6.693059e-09 
2.670000e+02 6.683843e-09 
2.680000e+02 6.674692e-09 
2.690000e+02 6.665606e-09 
2.700000e+02 6.656584e-09 
2.710000e+02 6.647626e-09 
2.720000e+02 6.638729e-09 
2.730000e+02 6.629894e-09 
2.740000e+02 6.621121e-09 
2.750000e+02 6.612407e-09 
2.760000e+02 6.603753e-09 
2.770000e+02 6.595158e-09 
2.780000e+02 6.586621e-09 
2.790000e+02 6.578141e-09 
2.800000e+02 6.569718e-09 
2.810000e+02 6.561352e-09 
2.820000e+02 6.553041e-09 
2.830000e+02 6.544784e-09 
2.840000e+02 6.536582e-09 
2.850000e+02 6.528434e-09 
2.860000e+02 6.520338e-09 
2.870000e+02 6.512295e-09 
2.880000e+02 6.504304e-09 
2.890000e+02 6.496363e-09 
2.900000e+02 6.488474e-09 
2.910000e+02 6.480634e-09 
2.920000e+02 6.472844e-09 
2.930000e+02 6.465103e-09 
2.940000e+02 6.457410e-09 
2.950000e+02 6.449765e-09 
2.960000e+02 6.442167e-09 
2.970000e+02 6.434616e-09 
2.980000e+02 6.427111e-09 
2.990000e+02 6.419652e-09 
3.000000e+02 6.412238e-09 
3.010000e+02 6.404869e-09 
3.020000e+02 6.397544e-09 
3.030000e+02 6.390262e-09 
3.040000e+02 6.383024e-09 
3.050000e+02 6.375829e-09 
3.060000e+02 6.368676e-09 
3.070000e+02 6.361565e-09 
3.080000e+02 6.354496e-09 
3.090000e+02 6.347467e-09 
3.100000e+02 6.340479e-09 
3.110000e+02 6.333531e-09 
3.120000e+02 6.326623e-09 
3.130000e+02 6.319754e-09 
3.140000e+02 6.312923e-09 
3.150000e+02 6.306131e-09 
3.160000e+02 6.299378e-09 
3.170000e+02 6.292661e-09 
3.180000e+02 6.285982e-09 
3.190000e+02 6.279340e-09 
3.200000e+02 6.272734e-09 
3.210000e+02 6.266164e-09 
3.220000e+02 6.259629e-09 
3.230000e+02 6.253130e-09 
3.240000e+02 6.246666e-09 
3.250000e+02 6.240237e-09 
3.260000e+02 6.233842e-09 
3.270000e+02 6.227480e-09 
3.280000e+02 6.221152e-09 
3.290000e+02 6.214857e-09 
3.300000e+02 6.208595e-09 
3.310000e+02 6.202365e-09 
3.320000e+02 6.196168e-09 
3.330000e+02 6.190002e-09 
3.340000e+02 6.183868e-09 
3.350000e+02 6.177765e-09 
3.360000e+02 6.171693e-09 
3.370000e+02 6.165652e-09 
3.380000e+02 6.159640e-09 
3.390000e+02 6.153659e-09 
3.400000e+02 6.147707e-09 
3.410000e+02 6.141785e-09 
3.420000e+02 6.135891e-09 
3.430000e+02 6.130027e-09 
3.440000e+02 6.124190e-09 
3.450000e+02 6.118382e-09 
3.460000e+02 6.112602e-09 
3.470000e+02 6.106850e-09 
3.480000e+02 6.101125e-09 
3.490000e+02 6.095427e-09 
3.500000e+02 6.089756e-09 
3.510000e+02 6.084111e-09 
3.520000e+02 6.078493e-09 
3.530000e+02 6.072901e-09 
3.540000e+02 6.067334e-09 
3.550000e+02 6.061794e-09 
3.560000e+02 6.056278e-09 
3.570000e+02 6.050788e-09 
3.580000e+02 6.045322e-09 
3.590000e+02 6.039881e-09 
3.600000e+02 6.034464e-09 
3.610000e+02 6.029072e-09 
3.620000e+02 6.023703e-09 
3.630000e+02 6.018358e-09 
3.640000e+02 6.013037e-09 
3.650000e+02 6.007738e-09 
3.660000e+02 6.002463e-09 
3.670000e+02 5.997211e-09 
3.680000e+02 5.991981e-09 
3.690000e+02 5.986773e-09 
3.700000e+02 5.981588e-09 
3.710000e+02 5.976424e-09 
3.720000e+02 5.971282e-09 
3.730000e+02 5.966162e-09 
3.740000e+02 5.961064e-09 
3.750000e+02 5.955986e-09 
3.760000e+02 5.950929e-09 
3.770000e+02 5.945893e-09 
3.780000e+02 5.940878e-09 
3.790000e+02 5.935883e-09 
3.800000e+02 5.930908e-09 
3.810000e+02 5.925953e-09 
3.820000e+02 5.921019e-09 
3.830000e+02 5.916103e-09 
3.840000e+02 5.911208e-09 
3.850000e+02 5.906331e-09 
3.860000e+02 5.901474e-09 
3.870000e+02 5.896636e-09 
3.880000e+02 5.891816e-09 
3.890000e+02 5.887015e-09 
3.900000e+02 5.882233e-09 
3.910000e+02 5.877469e-09 
3.920000e+02 5.872723e-09 
3.930000e+02 5.867995e-09 
3.940000e+02 5.863284e-09 
3.950000e+02 5.858592e-09 
3.960000e+02 5.853917e-09 
3.970000e+02 5.849259e-09 
3.980000e+02 5.844619e-09 
3.990000e+02 5.839995e-09 
4.000000e+02 5.835389e-09 
4.010000e+02 5.830799e-09 
4.020000e+02 5.826226e-09 
4.030000e+02 5.821669e-09 
4.040000e+02 5.817129e-09 
4.050000e+02 5.812605e-09 
4.060000e+02 5.808097e-09 
4.070000e+02 5.803605e-09 
4.080000e+02 5.799128e-09 
4.090000e+02 5.794668e-09 
4.100000e+02 5.790223e-09 
4.110000e+02 5.785793e-09 
4.120000e+02 5.781378e-09 
4.130000e+02 5.776979e-09 
4.140000e+02 5.772594e-09 
4.150000e+02 5.768225e-09 
4.160000e+02 5.763870e-09 
4.170000e+02 5.759530e-09 
4.180000e+02 5.755204e-09 
4.190000e+02 5.750893e-09 
4.200000e+02 5.746596e-09 
4.210000e+02 5.742313e-09 
4.220000e+02 5.738045e-09 
4.230000e+02 5.733790e-09 
4.240000e+02 5.729549e-09 
4.250000e+02 5.725321e-09 
4.260000e+02 5.721108e-09 
4.270000e+02 5.716907e-09 
4.280000e+02 5.712720e-09 
4.290000e+02 5.708547e-09 
4.300000e+02 5.704386e-09 
4.310000e+02 5.700239e-09 
4.320000e+02 5.696104e-09 
4.330000e+02 5.691983e-09 
4.340000e+02 5.687874e-09 
4.350000e+02 5.683777e-09 
4.360000e+02 5.679693e-09 
4.370000e+02 5.675622e-09 
4.380000e+02 5.671563e-09 
4.390000e+02 5.667516e-09 
4.400000e+02 5.663481e-09 
4.410000e+02 5.659459e-09 
4.420000e+02 5.655448e-09 
4.430000e+02 5.651449e-09 
4.440000e+02 5.647462e-09 
4.450000e+02 5.643487e-09 
4.460000e+02 5.639523e-09 
4.470000e+02 5.635571e-09 
4.480000e+02 5.631630e-09 
4.490000e+02 5.627700e-09 
4.500000e+02 5.623782e-09 
4.510000e+02 5.619875e-09 
4.520000e+02 5.615979e-09 
4.530000e+02 5.612093e-09 
4.540000e+02 5.608219e-09 
4.550000e+02 5.604356e-09 
4.560000e+02 5.600503e-09 
4.570000e+02 5.596661e-09 
4.580000e+02 5.592829e-09 
4.590000e+02 5.589008e-09 
4.600000e+02 5.585198e-09 
4.610000e+02 5.581397e-09 
4.620000e+02 5.577607e-09 
4.630000e+02 5.573827e-09 
4.640000e+02 5.570058e-09 
4.650000e+02 5.566298e-09 
4.660000e+02 5.562548e-09 
4.670000e+02 5.558808e-09 
4.680000e+02 5.555078e-09 
4.690000e+02 5.551358e-09 
4.700000e+02 5.547647e-09 
4.710000e+02 5.543946e-09 
4.720000e+02 5.540254e-09 
4.730000e+02 5.536572e-09 
4.740000e+02 5.532900e-09 
4.750000e+02 5.529236e-09 
4.760000e+02 5.525582e-09 
4.770000e+02 5.521937e-09 
4.780000e+02 5.518301e-09 
4.790000e+02 5.514675e-09 
4.800000e+02 5.511057e-09 
4.810000e+02 5.507448e-09 
4.820000e+02 5.503848e-09 
4.830000e+02 5.500257e-09 
4.840000e+02 5.496674e-09 
4.850000e+02 5.493100e-09 
4.860000e+02 5.489535e-09 
4.870000e+02 5.485979e-09 
4.880000e+02 5.482431e-09 
4.890000e+02 5.478891e-09 
4.900000e+02 5.475360e-09 
4.910000e+02 5.471837e-09 
4.920000e+02 5.468322e-09 
4.930000e+02 5.464816e-09 
4.940000e+02 5.461317e-09 
4.950000e+02 5.457827e-09 
4.960000e+02 5.454345e-09 
4.970000e+02 5.450871e-09 
4.980000e+02 5.447404e-09 
4.990000e+02 5.443946e-09 
5.000000e+02 5.440495e-09 
5.010000e+02 5.437053e-09 
5.020000e+02 5.433618e-09 
5.030000e+02 5.430190e-09 
5.040000e+02 5.426770e-09 
5.050000e+02 5.423358e-09 
5.060000e+02 5.419954e-09 
5.070000e+02 5.416556e-09 
5.080000e+02 5.413167e-09 
5.090000e+02 5.409784e-09 
5.100000e+02 5.406409e-09 
5.110000e+02 5.403041e-09 
5.120000e+02 5.399681e-09 
5.130000e+02 5.396327e-09 
5.140000e+02 5.392981e-09 
5.150000e+02 5.389642e-09 
5.160000e+02 5.386309e-09 
5.170000e+02 5.382984e-09 
5.180000e+02 5.379666e-09 
5.190000e+02 5.376355e-09 
5.200000e+02 5.373050e-09 
5.210000e+02 5.369753e-09 
5.220000e+02 5.366462e-09 
5.230000e+02 5.363177e-09 
5.240000e+02 5.359900e-09 
5.250000e+02 5.356629e-09 
5.260000e+02 5.353365e-09 
5.270000e+02 5.350107e-09 
5.280000e+02 5.346856e-09 
5.290000e+02 5.343612e-09 
5.300000e+02 5.340373e-09 
5.310000e+02 5.337142e-09 
5.320000e+02 5.333916e-09 
5.330000e+02 5.330697e-09 
5.340000e+02 5.327484e-09 
5.350000e+02 5.324278e-09 
5.360000e+02 5.321077e-09 
5.370000e+02 5.317883e-09 
5.380000e+02 5.314695e-09 
5.390000e+02 5.311513e-09 
5.400000e+02 5.308337e-09 
5.410000e+02 5.305167e-09 
5.420000e+02 5.302003e-09 
5.430000e+02 5.298845e-09 
5.440000e+02 5.295693e-09 
5.450000e+02 5.292547e-09 
5.460000e+02 5.289406e-09 
5.470000e+02 5.286272e-09 
5.480000e+02 5.283143e-09 
5.490000e+02 5.280020e-09 
5.500000e+02 5.276903e-09 
5.510000e+02 5.273791e-09 
5.520000e+02 5.270685e-09 
5.530000e+02 5.267585e-09 
5.540000e+02 5.264490e-09 
5.550000e+02 5.261400e-09 
5.560000e+02 5.258317e-09 
5.570000e+02 5.255238e-09 
5.580000e+02 5.252165e-09 
5.590000e+02 5.249098e-09 
5.600000e+02 5.246036e-09 
5.610000e+02 5.242979e-09 
5.620000e+02 5.239928e-09 
5.630000e+02 5.236882e-09 
5.640000e+02 5.233841e-09 
5.650000e+02 5.230805e-09 
5.660000e+02 5.227775e-09 
5.670000e+02 5.224750e-09 
5.680000e+02 5.221729e-09 
5.690000e+02 5.218714e-09 
5.700000e+02 5.215705e-09 
5.710000e+02 5.212700e-09 
5.720000e+02 5.209700e-09 
5.730000e+02 5.206705e-09 
5.740000e+02 5.203715e-09 
5.750000e+02 5.200731e-09 
5.760000e+02 5.197751e-09 
5.770000e+02 5.194776e-09 
5.780000e+02 5.191805e-09 
5.790000e+02 5.188840e-09 
5.800000e+02 5.185880e-09 
5.810000e+02 5.182924e-09 
5.820000e+02 5.179973e-09 
5.830000e+02 5.177027e-09 
5.840000e+02 5.174085e-09 
5.850000e+02 5.171148e-09 
5.860000e+02 5.168216e-09 
5.870000e+02 5.165289e-09 
5.880000e+02 5.162366e-09 
5.890000e+02 5.159448e-09 
5.900000e+02 5.156534e-09 
5.910000e+02 5.153625e-09 
5.920000e+02 5.150720e-09 
5.930000e+02 5.147820e-09 
5.940000e+02 5.144924e-09 
5.950000e+02 5.142033e-09 
5.960000e+02 5.139146e-09 
5.970000e+02 5.136264e-09 
5.980000e+02 5.133386e-09 
5.990000e+02 5.130512e-09 
6.000000e+02 5.127643e-09 
6.010000e+02 5.124778e-09 
6.020000e+02 5.121917e-09 
6.030000e+02 5.119061e-09 
6.040000e+02 5.116209e-09 
6.050000e+02 5.113361e-09 
6.060000e+02 5.110517e-09 
6.070000e+02 5.107678e-09 
6.080000e+02 5.104842e-09 
6.090000e+02 5.102011e-09 
6.100000e+02 5.099184e-09 
6.110000e+02 5.096361e-09 
6.120000e+02 5.093542e-09 
6.130000e+02 5.090727e-09 
6.140000e+02 5.087916e-09 
6.150000e+02 5.085110e-09 
6.160000e+02 5.082307e-09 
6.170000e+02 5.079508e-09 
6.180000e+02 5.076713e-09 
6.190000e+02 5.073923e-09 
6.200000e+02 5.071136e-09 
6.210000e+02 5.068353e-09 
6.220000e+02 5.065574e-09 
6.230000e+02 5.062798e-09 
6.240000e+02 5.060027e-09 
6.250000e+02 5.057260e-09 
6.260000e+02 5.054496e-09 
6.270000e+02 5.051736e-09 
6.280000e+02 5.048980e-09 
6.290000e+02 5.046228e-09 
6.300000e+02 5.043479e-09 
6.310000e+02 5.040734e-09 
6.320000e+02 5.037993e-09 
6.330000e+02 5.035256e-09 
6.340000e+02 5.032522e-09 
6.350000e+02 5.029792e-09 
6.360000e+02 5.027066e-09 
6.370000e+02 5.024343e-09 
6.380000e+02 5.021624e-09 
6.390000e+02 5.018908e-09 
6.400000e+02 5.016196e-09 
6.410000e+02 5.013488e-09 
6.420000e+02 5.010783e-09 
6.430000e+02 5.008082e-09 
6.440000e+02 5.005384e-09 
6.450000e+02 5.002690e-09 
6.460000e+02 4.999999e-09 
6.470000e+02 4.997312e-09 
6.480000e+02 4.994628e-09 
6.490000e+02 4.991948e-09 
6.500000e+02 4.989271e-09 
6.510000e+02 4.986597e-09 
6.520000e+02 4.983927e-09 
6.530000e+02 4.981260e-09 
6.540000e+02 4.978597e-09 
6.550000e+02 4.975937e-09 
6.560000e+02 4.973280e-09 
6.570000e+02 4.970627e-09 
6.580000e+02 4.967977e-09 
6.590000e+02 4.965330e-09 
6.600000e+02 4.962687e-09 
6.610000e+02 4.960047e-09 
6.620000e+02 4.957410e-09 
6.630000e+02 4.954776e-09 
6.640000e+02 4.952146e-09 
6.650000e+02 4.949519e-09 
6.660000e+02 4.946895e-09 
6.670000e+02 4.944274e-09 
6.680000e+02 4.941656e-09 
6.690000e+02 4.939042e-09 
6.700000e+02 4.936431e-09 
6.710000e+02 4.933823e-09 
6.720000e+02 4.931218e-09 
6.730000e+02 4.928616e-09 
6.740000e+02 4.926017e-09 
6.750000e+02 4.923421e-09 
6.760000e+02 4.920829e-09 
6.770000e+02 4.918239e-09 
6.780000e+02 4.915653e-09 
6.790000e+02 4.913069e-09 
6.800000e+02 4.910489e-09 
6.810000e+02 4.907912e-09 
6.820000e+02 4.905337e-09 
6.830000e+02 4.902766e-09 
6.840000e+02 4.900198e-09 
6.850000e+02 4.897632e-09 
6.860000e+02 4.895070e-09 
6.870000e+02 4.892510e-09 
6.880000e+02 4.889954e-09 
6.890000e+02 4.887400e-09 
6.900000e+02 4.884850e-09 
6.910000e+02 4.882302e-09 
6.920000e+02 4.879757e-09 
6.930000e+02 4.877215e-09 
6.940000e+02 4.874676e-09 
6.950000e+02 4.872140e-09 
6.960000e+02 4.869606e-09 
6.970000e+02 4.867076e-09 
6.980000e+02 4.864548e-09 
6.990000e+02 4.862023e-09 
7.000000e+02 4.859501e-09 
7.010000e+02 4.856982e-09 
7.020000e+02 4.854465e-09 
7.030000e+02 4.851951e-09 
7.040000e+02 4.849441e-09 
7.050000e+02 4.846932e-09 
7.060000e+02 4.844427e-09 
7.070000e+02 4.841924e-09 
7.080000e+02 4.839424e-09 
7.090000e+02 4.836927e-09 
7.100000e+02 4.834433e-09 
7.110000e+02 4.831941e-09 
7.120000e+02 4.829452e-09 
7.130000e+02 4.826965e-09 
7.140000e+02 4.824481e-09 
7.150000e+02 4.822000e-09 
7.160000e+02 4.819522e-09 
7.170000e+02 4.817046e-09 
7.180000e+02 4.814573e-09 
7.190000e+02 4.812102e-09 
7.200000e+02 4.809634e-09 
7.210000e+02 4.807169e-09 
7.220000e+02 4.804706e-09 
7.230000e+02 4.802246e-09 
7.240000e+02 4.799789e-09 
7.250000e+02 4.797334e-09 
7.260000e+02 4.794881e-09 
7.270000e+02 4.792432e-09 
7.280000e+02 4.789984e-09 
7.290000e+02 4.787539e-09 
7.300000e+02 4.785097e-09 
7.310000e+02 4.782658e-09 
7.320000e+02 4.780220e-09 
7.330000e+02 4.777786e-09 
7.340000e+02 4.775354e-09 
7.350000e+02 4.772924e-09 
7.360000e+02 4.770497e-09 
7.370000e+02 4.768072e-09 
7.380000e+02 4.765650e-09 
7.390000e+02 4.763230e-09 
7.400000e+02 4.760813e-09 
7.410000e+02 4.758398e-09 
7.420000e+02 4.755985e-09 
7.430000e+02 4.753575e-09 
7.440000e+02 4.751167e-09 
7.450000e+02 4.748762e-09 
7.460000e+02 4.746359e-09 
7.470000e+02 4.743959e-09 
7.480000e+02 4.741561e-09 
7.490000e+02 4.739165e-09 
7.500000e+02 4.736772e-09 
7.510000e+02 4.734381e-09 
7.520000e+02 4.731992e-09 
7.530000e+02 4.729606e-09 
7.540000e+02 4.727222e-09 
7.550000e+02 4.724841e-09 
7.560000e+02 4.722462e-09 
7.570000e+02 4.720085e-09 
7.580000e+02 4.717710e-09 
7.590000e+02 4.715338e-09 
7.600000e+02 4.712968e-09 
7.610000e+02 4.710600e-09 
7.620000e+02 4.708235e-09 
7.630000e+02 4.705872e-09 
7.640000e+02 4.703511e-09 
7.650000e+02 4.701153e-09 
7.660000e+02 4.698796e-09 
7.670000e+02 4.696442e-09 
7.680000e+02 4.694090e-09 
7.690000e+02 4.691741e-09 
7.700000e+02 4.689394e-09 
7.710000e+02 4.687049e-09 
7.720000e+02 4.684706e-09 
7.730000e+02 4.682365e-09 
7.740000e+02 4.680027e-09 
7.750000e+02 4.677690e-09 
7.760000e+02 4.675356e-09 
7.770000e+02 4.673024e-09 
7.780000e+02 4.670695e-09 
7.790000e+02 4.668367e-09 
7.800000e+02 4.666042e-09 
7.810000e+02 4.663719e-09 
7.820000e+02 4.661398e-09 
7.830000e+02 4.659079e-09 
7.840000e+02 4.656762e-09 
7.850000e+02 4.654448e-09 
7.860000e+02 4.652135e-09 
7.870000e+02 4.649825e-09 
7.880000e+02 4.647517e-09 
7.890000e+02 4.645210e-09 
7.900000e+02 4.642907e-09 
7.910000e+02 4.640605e-09 
7.920000e+02 4.638305e-09 
7.930000e+02 4.636007e-09 
7.940000e+02 4.633712e-09 
7.950000e+02 4.631418e-09 
7.960000e+02 4.629127e-09 
7.970000e+02 4.626837e-09 
7.980000e+02 4.624550e-09 
7.990000e+02 4.622265e-09 
8.000000e+02 4.619982e-09 
8.010000e+02 4.617700e-09 
8.020000e+02 4.615421e-09 
8.030000e+02 4.613144e-09 
8.040000e+02 4.610869e-09 
8.050000e+02 4.608596e-09 
8.060000e+02 4.606325e-09 
8.070000e+02 4.604056e-09 
8.080000e+02 4.601789e-09 
8.090000e+02 4.599524e-09 
8.100000e+02 4.597261e-09 
8.110000e+02 4.595001e-09 
8.120000e+02 4.592742e-09 
8.130000e+02 4.590485e-09 
8.140000e+02 4.588230e-09 
8.150000e+02 4.585977e-09 
8.160000e+02 4.583725e-09 
8.170000e+02 4.581476e-09 
8.180000e+02 4.579229e-09 
8.190000e+02 4.576984e-09 
8.200000e+02 4.574741e-09 
8.210000e+02 4.572499e-09 
8.220000e+02 4.570260e-09 
8.230000e+02 4.568023e-09 
8.240000e+02 4.565787e-09 
8.250000e+02 4.563554e-09 
8.260000e+02 4.561322e-09 
8.270000e+02 4.559092e-09 
8.280000e+02 4.556864e-09 
8.290000e+02 4.554638e-09 
8.300000e+02 4.552414e-09 
8.310000e+02 4.550192e-09 
8.320000e+02 4.547972e-09 
8.330000e+02 4.545754e-09 
8.340000e+02 4.543537e-09 
8.350000e+02 4.541323e-09 
8.360000e+02 4.539110e-09 
8.370000e+02 4.536899e-09 
8.380000e+02 4.534690e-09 
8.390000e+02 4.532483e-09 
8.400000e+02 4.530278e-09 
8.410000e+02 4.528074e-09 
8.420000e+02 4.525873e-09 
8.430000e+02 4.523673e-09 
8.440000e+02 4.521475e-09 
8.450000e+02 4.519279e-09 
8.460000e+02 4.517085e-09 
8.470000e+02 4.514892e-09 
8.480000e+02 4.512702e-09 
8.490000e+02 4.510513e-09 
8.500000e+02 4.508326e-09 
8.510000e+02 4.506141e-09 
8.520000e+02 4.503957e-09 
8.530000e+02 4.501776e-09 
8.540000e+02 4.499596e-09 
8.550000e+02 4.497418e-09 
8.560000e+02 4.495242e-09 
8.570000e+02 4.493068e-09 
8.580000e+02 4.490895e-09 
8.590000e+02 4.488724e-09 
8.600000e+02 4.486555e-09 
8.610000e+02 4.484388e-09 
8.620000e+02 4.482222e-09 
8.630000e+02 4.480058e-09 
8.640000e+02 4.477896e-09 
8.650000e+02 4.475736e-09 
8.660000e+02 4.473577e-09 
8.670000e+02 4.471421e-09 
8.680000e+02 4.469266e-09 
8.690000e+02 4.467112e-09 
8.700000e+02 4.464961e-09 
8.710000e+02 4.462811e-09 
8.720000e+02 4.460663e-09 
8.730000e+02 4.458516e-09 
8.740000e+02 4.456371e-09 
8.750000e+02 4.454228e-09 
8.760000e+02 4.452087e-09 
8.770000e+02 4.449947e-09 
8.780000e+02 4.447810e-09 
8.790000e+02 4.445673e-09 
8.800000e+02 4.443539e-09 
8.810000e+02 4.441406e-09 
8.820000e+02 4.439275e-09 
8.830000e+02 4.437145e-09 
8.840000e+02 4.435018e-09 
8.850000e+02 4.432892e-09 
8.860000e+02 4.430767e-09 
8.870000e+02 4.428644e-09 
8.880000e+02 4.426523e-09 
8.890000e+02 4.424404e-09 
8.900000e+02 4.422286e-09 
8.910000e+02 4.420170e-09 
8.920000e+02 4.418055e-09 
8.930000e+02 4.415943e-09 
8.940000e+02 4.413831e-09 
8.950000e+02 4.411722e-09 
8.960000e+02 4.409614e-09 
8.970000e+02 4.407508e-09 
8.980000e+02 4.405403e-09 
8.990000e+02 4.403300e-09 
9.000000e+02 4.401198e-09 
